   .20210000E+04   .18842795E+00   .24540692E+01   .50306576E+01
   .20220000E+04   .33376161E+00   .44921177E+01   .92935277E+01
   .20230000E+04   .66304460E+00   .86170625E+01   .17653813E+02
   .20240000E+04   .13125369E+01   .16426684E+02   .33300368E+02
   .20250000E+04   .27371339E+01   .31629746E+02   .62705854E+02
   .20260000E+04   .54632370E+01   .59909485E+02   .11704282E+03
   .20270000E+04   .10541568E+02   .11278644E+03   .21883437E+03
   .20280000E+04   .20136485E+02   .21283900E+03   .41155904E+03
   .20290000E+04   .23875309E+02   .23960466E+03   .45664436E+03
   .20300000E+04   .31248464E+02   .28806119E+03   .53610671E+03
